/*--------------------------------*- C++ -*----------------------------------*\
| =========                 |                                                 |
| \\      /  F ield         | OpenFOAM: The Open Source CFD Toolbox           |
|  \\    /   O peration     | Version:  2.2.1                                 |
|   \\  /    A nd           | Web:      www.OpenFOAM.org                      |
|    \\/     M anipulation  |                                                 |
\*---------------------------------------------------------------------------*/
FoamFile
{
    version     2.0;
    format      ascii;
    class       vectorField;
    object      points;
}
// * * * * * * * * * * * * * * * * * * * * * * * * * * * * * * * * * * * * * //

196
(  
// y = -3.5h
(   -0.25 -0.175 0.65    )
(   -0.25 -0.175 0.204450735 )
(   -0.25 -0.175 0.202360527 )
(   -0.25 -0.175 0.200270319 )
(   -0.25 -0.175 0.198180111 )
(   -0.25 -0.175 0.196089903 )
(   -0.25 -0.175 0.193999695 )
(   -0.25 -0.175 0.191909487 )
(   -0.25 -0.175 0.189819279 )
(   -0.25 -0.175 0.18772907  )
(   -0.25 -0.175 0.185638862 )
(   -0.25 -0.175 0.183548654 )
(   -0.25 -0.175 0.181458446 )
(   -0.25 -0.175 0.179368238 )
(   -0.25 -0.175 0.17727803  )
(   -0.25 -0.175 0.175187822 )
(   -0.25 -0.175 0.173097614 )
(   -0.25 -0.175 0.171007406 )
(   -0.25 -0.175 0.168917198 )
(   -0.25 -0.175 0.16682699  )
(   -0.25 -0.175 0.164736782 )
(   -0.25 -0.175 0.162646574 )
(   -0.25 -0.175 0.160556366 )
(   -0.25 -0.175 0.158466158 )
(   -0.25 -0.175 0.15637595  )
(   -0.25 -0.175 0.154285742 )
(   -0.25 -0.175 0.152195534 )
(   -0.25 -0.175 0.150105326 )
(   -0.25 -0.175 0.148015117 )
(   -0.25 -0.175 0.145924909 )
(   -0.25 -0.175 0.143834701 )
(   -0.25 -0.175 0.141744493 )
(   -0.25 -0.175 0.139654285 )
(   -0.25 -0.175 0.137564077 )
(   -0.25 -0.175 0.135473869 )
(   -0.25 -0.175 0.133383661 )
(   -0.25 -0.175 0.131293453 )
(   -0.25 -0.175 0.129203245 )
(   -0.25 -0.175 0.127113037 )
(   -0.25 -0.175 0.125022829 )
(   -0.25 -0.175 0.122932621 )
(   -0.25 -0.175 0.120842413 )
(   -0.25 -0.175 0.118752205 )
(   -0.25 -0.175 0.116661997 )
(   -0.25 -0.175 0.114571789 )
(   -0.25 -0.175 0.112481581 )
(   -0.25 -0.175 0.110391372 )
(   -0.25 -0.175 0.108301164 )
(   -0.25 -0.175 0.106210956 )
(   -0.25 -0.175 0.104120748 )
(   -0.25 -0.175 0.10203054  )
(   -0.25 -0.175 0.099940332 )
(   -0.25 -0.175 0.097850124 )
(   -0.25 -0.175 0.095759916 )
(   -0.25 -0.175 0.093669708 )
(   -0.25 -0.175 0.0915795   )
(   -0.25 -0.175 0.089489292 )
(   -0.25 -0.175 0.087399084 )
(   -0.25 -0.175 0.085308876 )
(   -0.25 -0.175 0.083218668 )
(   -0.25 -0.175 0.08112846  )
(   -0.25 -0.175 0.079038252 )
(   -0.25 -0.175 0.076948044 )
(   -0.25 -0.175 0.074857836 )
(   -0.25 -0.175 0.072767628 )
(   -0.25 -0.175 0.070677419 )
(   -0.25 -0.175 0.068587211 )
(   -0.25 -0.175 0.066497003 )
(   -0.25 -0.175 0.064406795 )
(   -0.25 -0.175 0.062316587 )
(   -0.25 -0.175 0.060226379 )
(   -0.25 -0.175 0.058136171 )
(   -0.25 -0.175 0.056045963 )
(   -0.25 -0.175 0.053955755 )
(   -0.25 -0.175 0.051865547 )
(   -0.25 -0.175 0.049775339 )
(   -0.25 -0.175 0.047685131 )
(   -0.25 -0.175 0.045594923 )
(   -0.25 -0.175 0.043504715 )
(   -0.25 -0.175 0.041414507 )
(   -0.25 -0.175 0.039324299 )
(   -0.25 -0.175 0.037234091 )
(   -0.25 -0.175 0.035143883 )
(   -0.25 -0.175 0.033053675 )
(   -0.25 -0.175 0.030963466 )
(   -0.25 -0.175 0.028873258 )
(   -0.25 -0.175 0.02678305  )
(   -0.25 -0.175 0.024692842 )
(   -0.25 -0.175 0.022602634 )
(   -0.25 -0.175 0.020512426 )
(   -0.25 -0.175 0.018422218 )
(   -0.25 -0.175 0.01633201  )
(   -0.25 -0.175 0.014241802 )
(   -0.25 -0.175 0.012151594 )
(   -0.25 -0.175 0.010061386 )
(   -0.25 -0.175 0.007971178 )
(   -0.25 -0.175 0.00588097  )
(   -0.25 -0.175 0.0 )

// y = 0.5h
(   -0.25 0.025 0.65    )
(   -0.25 0.025 0.204450735 )
(   -0.25 0.025 0.202360527 )
(   -0.25 0.025 0.200270319 )
(   -0.25 0.025 0.198180111 )
(   -0.25 0.025 0.196089903 )
(   -0.25 0.025 0.193999695 )
(   -0.25 0.025 0.191909487 )
(   -0.25 0.025 0.189819279 )
(   -0.25 0.025 0.18772907  )
(   -0.25 0.025 0.185638862 )
(   -0.25 0.025 0.183548654 )
(   -0.25 0.025 0.181458446 )
(   -0.25 0.025 0.179368238 )
(   -0.25 0.025 0.17727803  )
(   -0.25 0.025 0.175187822 )
(   -0.25 0.025 0.173097614 )
(   -0.25 0.025 0.171007406 )
(   -0.25 0.025 0.168917198 )
(   -0.25 0.025 0.16682699  )
(   -0.25 0.025 0.164736782 )
(   -0.25 0.025 0.162646574 )
(   -0.25 0.025 0.160556366 )
(   -0.25 0.025 0.158466158 )
(   -0.25 0.025 0.15637595  )
(   -0.25 0.025 0.154285742 )
(   -0.25 0.025 0.152195534 )
(   -0.25 0.025 0.150105326 )
(   -0.25 0.025 0.148015117 )
(   -0.25 0.025 0.145924909 )
(   -0.25 0.025 0.143834701 )
(   -0.25 0.025 0.141744493 )
(   -0.25 0.025 0.139654285 )
(   -0.25 0.025 0.137564077 )
(   -0.25 0.025 0.135473869 )
(   -0.25 0.025 0.133383661 )
(   -0.25 0.025 0.131293453 )
(   -0.25 0.025 0.129203245 )
(   -0.25 0.025 0.127113037 )
(   -0.25 0.025 0.125022829 )
(   -0.25 0.025 0.122932621 )
(   -0.25 0.025 0.120842413 )
(   -0.25 0.025 0.118752205 )
(   -0.25 0.025 0.116661997 )
(   -0.25 0.025 0.114571789 )
(   -0.25 0.025 0.112481581 )
(   -0.25 0.025 0.110391372 )
(   -0.25 0.025 0.108301164 )
(   -0.25 0.025 0.106210956 )
(   -0.25 0.025 0.104120748 )
(   -0.25 0.025 0.10203054  )
(   -0.25 0.025 0.099940332 )
(   -0.25 0.025 0.097850124 )
(   -0.25 0.025 0.095759916 )
(   -0.25 0.025 0.093669708 )
(   -0.25 0.025 0.0915795   )
(   -0.25 0.025 0.089489292 )
(   -0.25 0.025 0.087399084 )
(   -0.25 0.025 0.085308876 )
(   -0.25 0.025 0.083218668 )
(   -0.25 0.025 0.08112846  )
(   -0.25 0.025 0.079038252 )
(   -0.25 0.025 0.076948044 )
(   -0.25 0.025 0.074857836 )
(   -0.25 0.025 0.072767628 )
(   -0.25 0.025 0.070677419 )
(   -0.25 0.025 0.068587211 )
(   -0.25 0.025 0.066497003 )
(   -0.25 0.025 0.064406795 )
(   -0.25 0.025 0.062316587 )
(   -0.25 0.025 0.060226379 )
(   -0.25 0.025 0.058136171 )
(   -0.25 0.025 0.056045963 )
(   -0.25 0.025 0.053955755 )
(   -0.25 0.025 0.051865547 )
(   -0.25 0.025 0.049775339 )
(   -0.25 0.025 0.047685131 )
(   -0.25 0.025 0.045594923 )
(   -0.25 0.025 0.043504715 )
(   -0.25 0.025 0.041414507 )
(   -0.25 0.025 0.039324299 )
(   -0.25 0.025 0.037234091 )
(   -0.25 0.025 0.035143883 )
(   -0.25 0.025 0.033053675 )
(   -0.25 0.025 0.030963466 )
(   -0.25 0.025 0.028873258 )
(   -0.25 0.025 0.02678305  )
(   -0.25 0.025 0.024692842 )
(   -0.25 0.025 0.022602634 )
(   -0.25 0.025 0.020512426 )
(   -0.25 0.025 0.018422218 )
(   -0.25 0.025 0.01633201  )
(   -0.25 0.025 0.014241802 )
(   -0.25 0.025 0.012151594 )
(   -0.25 0.025 0.010061386 )
(   -0.25 0.025 0.007971178 )
(   -0.25 0.025 0.00588097  )
(   -0.25 0.025 0.0 )

)

// * * * * * * * * * * * * * * * * * * * * * * * * * * * * * * * * * * * * * //