/*--------------------------------*- C++ -*----------------------------------*\
| =========                 |                                                 |
| \\      /  F ield         | OpenFOAM: The Open Source CFD Toolbox           |
|  \\    /   O peration     | Version:  2.2.1                                 |
|   \\  /    A nd           | Web:      www.OpenFOAM.org                      |
|    \\/     M anipulation  |                                                 |
\*---------------------------------------------------------------------------*/
FoamFile
{
    version     2.0;
    format      ascii;
    class       vectorField;
    object      points;
}
// * * * * * * * * * * * * * * * * * * * * * * * * * * * * * * * * * * * * * //

(
 // min z
(	0	0.65	0	)
(	0	0.204450735	0	)
(	0	0.202360527	0	)
(	0	0.200270319	0	)
(	0	0.198180111	0	)
(	0	0.196089903	0	)
(	0	0.193999695	0	)
(	0	0.191909487	0	)
(	0	0.189819279	0	)
(	0	0.18772907	0	)
(	0	0.185638862	0	)
(	0	0.183548654	0	)
(	0	0.181458446	0	)
(	0	0.179368238	0	)
(	0	0.17727803	0	)
(	0	0.175187822	0	)
(	0	0.173097614	0	)
(	0	0.171007406	0	)
(	0	0.168917198	0	)
(	0	0.16682699	0	)
(	0	0.164736782	0	)
(	0	0.162646574	0	)
(	0	0.160556366	0	)
(	0	0.158466158	0	)
(	0	0.15637595	0	)
(	0	0.154285742	0	)
(	0	0.152195534	0	)
(	0	0.150105326	0	)
(	0	0.148015117	0	)
(	0	0.145924909	0	)
(	0	0.143834701	0	)
(	0	0.141744493	0	)
(	0	0.139654285	0	)
(	0	0.137564077	0	)
(	0	0.135473869	0	)
(	0	0.133383661	0	)
(	0	0.131293453	0	)
(	0	0.129203245	0	)
(	0	0.127113037	0	)
(	0	0.125022829	0	)
(	0	0.122932621	0	)
(	0	0.120842413	0	)
(	0	0.118752205	0	)
(	0	0.116661997	0	)
(	0	0.114571789	0	)
(	0	0.112481581	0	)
(	0	0.110391372	0	)
(	0	0.108301164	0	)
(	0	0.106210956	0	)
(	0	0.104120748	0	)
(	0	0.10203054	0	)
(	0	0.099940332	0	)
(	0	0.097850124	0	)
(	0	0.095759916	0	)
(	0	0.093669708	0	)
(	0	0.0915795	0	)
(	0	0.089489292	0	)
(	0	0.087399084	0	)
(	0	0.085308876	0	)
(	0	0.083218668	0	)
(	0	0.08112846	0	)
(	0	0.079038252	0	)
(	0	0.076948044	0	)
(	0	0.074857836	0	)
(	0	0.072767628	0	)
(	0	0.070677419	0	)
(	0	0.068587211	0	)
(	0	0.066497003	0	)
(	0	0.064406795	0	)
(	0	0.062316587	0	)
(	0	0.060226379	0	)
(	0	0.058136171	0	)
(	0	0.056045963	0	)
(	0	0.053955755	0	)
(	0	0.051865547	0	)
(	0	0.049775339	0	)
(	0	0.047685131	0	)
(	0	0.045594923	0	)
(	0	0.043504715	0	)
(	0	0.041414507	0	)
(	0	0.039324299	0	)
(	0	0.037234091	0	)
(	0	0.035143883	0	)
(	0	0.033053675	0	)
(	0	0.030963466	0	)
(	0	0.028873258	0	)
(	0	0.02678305	0	)
(	0	0.024692842	0	)
(	0	0.022602634	0	)
(	0	0.020512426	0	)
(	0	0.018422218	0	)
(	0	0.01633201	0	)
(	0	0.014241802	0	)
(	0	0.012151594	0	)
(	0	0.010061386	0	)
(	0	0.007971178	0	)
(	0	0.00588097	0	)
(	0	0	0	)

 // max z
(	0	0.65	0.75)
(	0	0.204450735	0.75)
(	0	0.202360527	0.75)
(	0	0.200270319	0.75)
(	0	0.198180111	0.75)
(	0	0.196089903	0.75)
(	0	0.193999695	0.75)
(	0	0.191909487	0.75)
(	0	0.189819279	0.75)
(	0	0.18772907	0.75)
(	0	0.185638862	0.75)
(	0	0.183548654	0.75)
(	0	0.181458446	0.75)
(	0	0.179368238	0.75)
(	0	0.17727803	0.75)
(	0	0.175187822	0.75)
(	0	0.173097614	0.75)
(	0	0.171007406	0.75)
(	0	0.168917198	0.75)
(	0	0.16682699	0.75)
(	0	0.164736782	0.75)
(	0	0.162646574	0.75)
(	0	0.160556366	0.75)
(	0	0.158466158	0.75)
(	0	0.15637595	0.75)
(	0	0.154285742	0.75)
(	0	0.152195534	0.75)
(	0	0.150105326	0.75)
(	0	0.148015117	0.75)
(	0	0.145924909	0.75)
(	0	0.143834701	0.75)
(	0	0.141744493	0.75)
(	0	0.139654285	0.75)
(	0	0.137564077	0.75)
(	0	0.135473869	0.75)
(	0	0.133383661	0.75)
(	0	0.131293453	0.75)
(	0	0.129203245	0.75)
(	0	0.127113037	0.75)
(	0	0.125022829	0.75)
(	0	0.122932621	0.75)
(	0	0.120842413	0.75)
(	0	0.118752205	0.75)
(	0	0.116661997	0.75)
(	0	0.114571789	0.75)
(	0	0.112481581	0.75)
(	0	0.110391372	0.75)
(	0	0.108301164	0.75)
(	0	0.106210956	0.75)
(	0	0.104120748	0.75)
(	0	0.10203054	0.75)
(	0	0.099940332	0.75)
(	0	0.097850124	0.75)
(	0	0.095759916	0.75)
(	0	0.093669708	0.75)
(	0	0.0915795	0.75)
(	0	0.089489292	0.75)
(	0	0.087399084	0.75)
(	0	0.085308876	0.75)
(	0	0.083218668	0.75)
(	0	0.08112846	0.75)
(	0	0.079038252	0.75)
(	0	0.076948044	0.75)
(	0	0.074857836	0.75)
(	0	0.072767628	0.75)
(	0	0.070677419	0.75)
(	0	0.068587211	0.75)
(	0	0.066497003	0.75)
(	0	0.064406795	0.75)
(	0	0.062316587	0.75)
(	0	0.060226379	0.75)
(	0	0.058136171	0.75)
(	0	0.056045963	0.75)
(	0	0.053955755	0.75)
(	0	0.051865547	0.75)
(	0	0.049775339	0.75)
(	0	0.047685131	0.75)
(	0	0.045594923	0.75)
(	0	0.043504715	0.75)
(	0	0.041414507	0.75)
(	0	0.039324299	0.75)
(	0	0.037234091	0.75)
(	0	0.035143883	0.75)
(	0	0.033053675	0.75)
(	0	0.030963466	0.75)
(	0	0.028873258	0.75)
(	0	0.02678305	0.75)
(	0	0.024692842	0.75)
(	0	0.022602634	0.75)
(	0	0.020512426	0.75)
(	0	0.018422218	0.75)
(	0	0.01633201	0.75)
(	0	0.014241802	0.75)
(	0	0.012151594	0.75)
(	0	0.010061386	0.75)
(	0	0.007971178	0.75)
(	0	0.00588097	0.75)
(	0	0	0.75)

)

// ************************************************************************* //

