/*--------------------------------*- C++ -*----------------------------------*\
| =========                 |                                                 |
| \\      /  F ield         | OpenFOAM: The Open Source CFD Toolbox           |
|  \\    /   O peration     | Version:  2.3.0                                 |
|   \\  /    A nd           | Web:      www.OpenFOAM.org                      |
|    \\/     M anipulation  |                                                 |
\*---------------------------------------------------------------------------*/
FoamFile
{
    version     2.0;
    format      ascii;
    class       vectorField;
    object      points;
}
// * * * * * * * * * * * * * * * * * * * * * * * * * * * * * * * * * * * * * //




202
(
	(0.1 -0.3 0.8)
	(0.1 -0.3 0.18)
	(0.1 -0.3 0.178181818182)
	(0.1 -0.3 0.176363636364)
	(0.1 -0.3 0.174545454545)
	(0.1 -0.3 0.172727272727)
	(0.1 -0.3 0.170909090909)
	(0.1 -0.3 0.169090909091)
	(0.1 -0.3 0.167272727273)
	(0.1 -0.3 0.165454545455)
	(0.1 -0.3 0.163636363636)
	(0.1 -0.3 0.161818181818)
	(0.1 -0.3 0.16)
	(0.1 -0.3 0.158181818182)
	(0.1 -0.3 0.156363636364)
	(0.1 -0.3 0.154545454545)
	(0.1 -0.3 0.152727272727)
	(0.1 -0.3 0.150909090909)
	(0.1 -0.3 0.149090909091)
	(0.1 -0.3 0.147272727273)
	(0.1 -0.3 0.145454545455)
	(0.1 -0.3 0.143636363636)
	(0.1 -0.3 0.141818181818)
	(0.1 -0.3 0.14)
	(0.1 -0.3 0.138181818182)
	(0.1 -0.3 0.136363636364)
	(0.1 -0.3 0.134545454545)
	(0.1 -0.3 0.132727272727)
	(0.1 -0.3 0.130909090909)
	(0.1 -0.3 0.129090909091)
	(0.1 -0.3 0.127272727273)
	(0.1 -0.3 0.125454545455)
	(0.1 -0.3 0.123636363636)
	(0.1 -0.3 0.121818181818)
	(0.1 -0.3 0.12)
	(0.1 -0.3 0.118181818182)
	(0.1 -0.3 0.116363636364)
	(0.1 -0.3 0.114545454545)
	(0.1 -0.3 0.112727272727)
	(0.1 -0.3 0.110909090909)
	(0.1 -0.3 0.109090909091)
	(0.1 -0.3 0.107272727273)
	(0.1 -0.3 0.105454545455)
	(0.1 -0.3 0.103636363636)
	(0.1 -0.3 0.101818181818)
	(0.1 -0.3 0.1)
	(0.1 -0.3 0.0981818181818)
	(0.1 -0.3 0.0963636363636)
	(0.1 -0.3 0.0945454545455)
	(0.1 -0.3 0.0927272727273)
	(0.1 -0.3 0.0909090909091)
	(0.1 -0.3 0.0890909090909)
	(0.1 -0.3 0.0872727272727)
	(0.1 -0.3 0.0854545454545)
	(0.1 -0.3 0.0836363636364)
	(0.1 -0.3 0.0818181818182)
	(0.1 -0.3 0.08)
	(0.1 -0.3 0.0781818181818)
	(0.1 -0.3 0.0763636363636)
	(0.1 -0.3 0.0745454545455)
	(0.1 -0.3 0.0727272727273)
	(0.1 -0.3 0.0709090909091)
	(0.1 -0.3 0.0690909090909)
	(0.1 -0.3 0.0672727272727)
	(0.1 -0.3 0.0654545454545)
	(0.1 -0.3 0.0636363636364)
	(0.1 -0.3 0.0618181818182)
	(0.1 -0.3 0.06)
	(0.1 -0.3 0.0581818181818)
	(0.1 -0.3 0.0563636363636)
	(0.1 -0.3 0.0545454545455)
	(0.1 -0.3 0.0527272727273)
	(0.1 -0.3 0.0509090909091)
	(0.1 -0.3 0.0490909090909)
	(0.1 -0.3 0.0472727272727)
	(0.1 -0.3 0.0454545454545)
	(0.1 -0.3 0.0436363636364)
	(0.1 -0.3 0.0418181818182)
	(0.1 -0.3 0.04)
	(0.1 -0.3 0.0381818181818)
	(0.1 -0.3 0.0363636363636)
	(0.1 -0.3 0.0345454545455)
	(0.1 -0.3 0.0327272727273)
	(0.1 -0.3 0.0309090909091)
	(0.1 -0.3 0.0290909090909)
	(0.1 -0.3 0.0272727272727)
	(0.1 -0.3 0.0254545454545)
	(0.1 -0.3 0.0236363636364)
	(0.1 -0.3 0.0218181818182)
	(0.1 -0.3 0.02)
	(0.1 -0.3 0.0181818181818)
	(0.1 -0.3 0.0163636363636)
	(0.1 -0.3 0.0145454545455)
	(0.1 -0.3 0.0127272727273)
	(0.1 -0.3 0.0109090909091)
	(0.1 -0.3 0.00909090909091)
	(0.1 -0.3 0.00727272727273)
	(0.1 -0.3 0.00545454545455)
	(0.1 -0.3 0.00363636363636)
	(0.1 -0.3 0.00181818181818)
	(0.1 -0.3 0.0)

	(0.1 0.3 0.8)
	(0.1 0.3 0.18)
	(0.1 0.3 0.178181818182)
	(0.1 0.3 0.176363636364)
	(0.1 0.3 0.174545454545)
	(0.1 0.3 0.172727272727)
	(0.1 0.3 0.170909090909)
	(0.1 0.3 0.169090909091)
	(0.1 0.3 0.167272727273)
	(0.1 0.3 0.165454545455)
	(0.1 0.3 0.163636363636)
	(0.1 0.3 0.161818181818)
	(0.1 0.3 0.16)
	(0.1 0.3 0.158181818182)
	(0.1 0.3 0.156363636364)
	(0.1 0.3 0.154545454545)
	(0.1 0.3 0.152727272727)
	(0.1 0.3 0.150909090909)
	(0.1 0.3 0.149090909091)
	(0.1 0.3 0.147272727273)
	(0.1 0.3 0.145454545455)
	(0.1 0.3 0.143636363636)
	(0.1 0.3 0.141818181818)
	(0.1 0.3 0.14)
	(0.1 0.3 0.138181818182)
	(0.1 0.3 0.136363636364)
	(0.1 0.3 0.134545454545)
	(0.1 0.3 0.132727272727)
	(0.1 0.3 0.130909090909)
	(0.1 0.3 0.129090909091)
	(0.1 0.3 0.127272727273)
	(0.1 0.3 0.125454545455)
	(0.1 0.3 0.123636363636)
	(0.1 0.3 0.121818181818)
	(0.1 0.3 0.12)
	(0.1 0.3 0.118181818182)
	(0.1 0.3 0.116363636364)
	(0.1 0.3 0.114545454545)
	(0.1 0.3 0.112727272727)
	(0.1 0.3 0.110909090909)
	(0.1 0.3 0.109090909091)
	(0.1 0.3 0.107272727273)
	(0.1 0.3 0.105454545455)
	(0.1 0.3 0.103636363636)
	(0.1 0.3 0.101818181818)
	(0.1 0.3 0.1)
	(0.1 0.3 0.0981818181818)
	(0.1 0.3 0.0963636363636)
	(0.1 0.3 0.0945454545455)
	(0.1 0.3 0.0927272727273)
	(0.1 0.3 0.0909090909091)
	(0.1 0.3 0.0890909090909)
	(0.1 0.3 0.0872727272727)
	(0.1 0.3 0.0854545454545)
	(0.1 0.3 0.0836363636364)
	(0.1 0.3 0.0818181818182)
	(0.1 0.3 0.08)
	(0.1 0.3 0.0781818181818)
	(0.1 0.3 0.0763636363636)
	(0.1 0.3 0.0745454545455)
	(0.1 0.3 0.0727272727273)
	(0.1 0.3 0.0709090909091)
	(0.1 0.3 0.0690909090909)
	(0.1 0.3 0.0672727272727)
	(0.1 0.3 0.0654545454545)
	(0.1 0.3 0.0636363636364)
	(0.1 0.3 0.0618181818182)
	(0.1 0.3 0.06)
	(0.1 0.3 0.0581818181818)
	(0.1 0.3 0.0563636363636)
	(0.1 0.3 0.0545454545455)
	(0.1 0.3 0.0527272727273)
	(0.1 0.3 0.0509090909091)
	(0.1 0.3 0.0490909090909)
	(0.1 0.3 0.0472727272727)
	(0.1 0.3 0.0454545454545)
	(0.1 0.3 0.0436363636364)
	(0.1 0.3 0.0418181818182)
	(0.1 0.3 0.04)
	(0.1 0.3 0.0381818181818)
	(0.1 0.3 0.0363636363636)
	(0.1 0.3 0.0345454545455)
	(0.1 0.3 0.0327272727273)
	(0.1 0.3 0.0309090909091)
	(0.1 0.3 0.0290909090909)
	(0.1 0.3 0.0272727272727)
	(0.1 0.3 0.0254545454545)
	(0.1 0.3 0.0236363636364)
	(0.1 0.3 0.0218181818182)
	(0.1 0.3 0.02)
	(0.1 0.3 0.0181818181818)
	(0.1 0.3 0.0163636363636)
	(0.1 0.3 0.0145454545455)
	(0.1 0.3 0.0127272727273)
	(0.1 0.3 0.0109090909091)
	(0.1 0.3 0.00909090909091)
	(0.1 0.3 0.00727272727273)
	(0.1 0.3 0.00545454545455)
	(0.1 0.3 0.00363636363636)
	(0.1 0.3 0.00181818181818)
	(0.1 0.3 0.0)
)